CODIFICACION

Thinking:
11,22
31,58
61,68
73,83
112,117
121,127
139,141
146,150
154,158
162,174
342,359
379,385
394,416
420,426
439,444
447,459
471,475
483,494
498,501
528,556****
562,587
600,613
629,686
700,724
759,811
825,830
834,840
852,860
874,885
888,921
939,952
956,966
1001,1010
1016,1018
1081,1083
1123,1133
1141,1178
1187,1200
Writing

4,10
23,30
59,60
69,72
84,111
118,120
128,138
142,145
151,153
159,161
175,341
360,378
386,393
417,419
427,438
445,446
460,470
476,482
495,497
502,513
557,561
588,599
614,628
687,699
725,758
812,824
831,833
841,851
861,873
886,887
922,938
953,955
967,1000
1011,1015
1019,1080
1084,1122
1134,1140
1179,1186